{
    "camera_angle_x": 0.8575560450553894,
    "frames": [
        {
            "file_path": "./train/000",
            "transform_matrix": [
                [
                    -0.9742931127548218,
                    0.17808571457862854,
                    -0.1379796713590622,
                    -0.24881179630756378
                ],
                [
                    -0.22528408467769623,
                    -0.7701728343963623,
                    0.5967249870300293,
                    1.0817524194717407
                ],
                [
                    0.0,
                    0.6124696135520935,
                    0.7904939651489258,
                    1.0089125633239746
                ],
                [
                    0.0,
                    0.0,
                    0.0,
                    1.0
                ]
            ]
        },
        {
            "file_path": "./train/001",
            "transform_matrix": [
                [
                    0.13073210418224335,
                    -0.6026332378387451,
                    0.7872371673583984,
                    1.3495595455169678
                ],
                [
                    0.9914177656173706,
                    0.07946550101041794,
                    -0.10380807518959045,
                    -0.16742217540740967
                ],
                [
                    0.0,
                    0.7940519452095032,
                    0.6078498959541321,
                    0.6329762935638428
                ],
                [
                    0.0,
                    0.0,
                    0.0,
                    1.0
                ]
            ]
        },
        {
            "file_path": "./train/002",
            "transform_matrix": [
                [
                    0.9715591073036194,
                    -0.19182386994361877,
                    0.1388402134180069,
                    0.2515835464000702
                ],
                [
                    0.23679742217063904,
                    0.7870365977287292,
                    -0.5696492791175842,
                    -1.026261806488037
                ],
                [
                    0.0,
                    0.5863249897956848,
                    0.8100758194923401,
                    1.0646560192108154
                ],
                [
                    0.0,
                    0.0,
                    0.0,
                    1.0
                ]
            ]
        },
        {
            "file_path": "./train/003",
            "transform_matrix": [
                [
                    0.5045055150985718,
                    0.5667591094970703,
                    -0.6513510942459106,
                    -1.1349985599517822
                ],
                [
                    -0.8634084463119507,
                    0.3311678171157837,
                    -0.38059645891189575,
                    -0.651840090751648
                ],
                [
                    1.4901161193847656e-08,
                    0.7543951272964478,
                    0.6564205288887024,
                    0.732722818851471
                ],
                [
                    0.0,
                    0.0,
                    0.0,
                    1.0
                ]
            ]
        },
        {
            "file_path": "./train/004",
            "transform_matrix": [
                [
                    0.8011245727539062,
                    0.41118884086608887,
                    -0.43488290905952454,
                    -0.7659202814102173
                ],
                [
                    -0.5984975695610046,
                    0.5504007339477539,
                    -0.5821166038513184,
                    -1.0130008459091187
                ],
                [
                    1.4901159417490817e-08,
                    0.7266243100166321,
                    0.6870350241661072,
                    0.7982451915740967
                ],
                [
                    0.0,
                    0.0,
                    0.0,
                    1.0
                ]
            ]
        },
        {
            "file_path": "./train/005",
            "transform_matrix": [
                [
                    -0.7149105072021484,
                    -0.2657654285430908,
                    0.6467393040657043,
                    1.033678412437439
                ],
                [
                    0.6992160677909851,
                    -0.27173078060150146,
                    0.6612558960914612,
                    1.0687451362609863
                ],
                [
                    1.4901161193847656e-08,
                    0.9249491691589355,
                    0.3800906538963318,
                    0.19822369515895844
                ],
                [
                    0.0,
                    0.0,
                    0.0,
                    1.0
                ]
            ]
        },
        {
            "file_path": "./train/006",
            "transform_matrix": [
                [
                    0.09528598189353943,
                    -0.9717027544975281,
                    0.2161349356174469,
                    0.40909066796302795
                ],
                [
                    0.995449960231781,
                    0.09301286190748215,
                    -0.020688766613602638,
                    -0.02858130633831024
                ],
                [
                    3.725290298461914e-09,
                    0.21712279319763184,
                    0.9761442542076111,
                    1.4428540468215942
                ],
                [
                    0.0,
                    0.0,
                    0.0,
                    1.0
                ]
            ]
        },
        {
            "file_path": "./train/007",
            "transform_matrix": [
                [
                    0.6036723256111145,
                    -0.5808095335960388,
                    0.5461136102676392,
                    0.969937264919281
                ],
                [
                    0.7972326278686523,
                    0.439794659614563,
                    -0.41352254152297974,
                    -0.7246300578117371
                ],
                [
                    -1.4901162970204496e-08,
                    0.6850115656852722,
                    0.7285321354866028,
                    0.8855128288269043
                ],
                [
                    0.0,
                    0.0,
                    0.0,
                    1.0
                ]
            ]
        },
        {
            "file_path": "./train/008",
            "transform_matrix": [
                [
                    -0.5421614646911621,
                    0.2649880647659302,
                    -0.7973971366882324,
                    -1.2538141012191772
                ],
                [
                    -0.8402743339538574,
                    -0.1709754765033722,
                    0.5144962072372437,
                    0.8189301490783691
                ],
                [
                    1.4901161193847656e-08,
                    0.9489724040031433,
                    0.315358966588974,
                    0.08546087890863419
                ],
                [
                    0.0,
                    0.0,
                    0.0,
                    1.0
                ]
            ]
        },
        {
            "file_path": "./train/009",
            "transform_matrix": [
                [
                    0.9689170122146606,
                    -0.19619177281856537,
                    0.15069441497325897,
                    0.27191615104675293
                ],
                [
                    0.2473864108324051,
                    0.76840740442276,
                    -0.5902118682861328,
                    -1.0588124990463257
                ],
                [
                    7.450581485102248e-09,
                    0.6091460585594177,
                    0.7930580973625183,
                    1.0271210670471191
                ],
                [
                    0.0,
                    0.0,
                    0.0,
                    1.0
                ]
            ]
        },
        {
            "file_path": "./train/010",
            "transform_matrix": [
                [
                    -0.9192779064178467,
                    0.33564865589141846,
                    -0.20559196174144745,
                    -0.3768826127052307
                ],
                [
                    -0.3936089873313904,
                    -0.783910870552063,
                    0.480162113904953,
                    0.8882117867469788
                ],
                [
                    0.0,
                    0.5223253965377808,
                    0.852746307849884,
                    1.1484943628311157
                ],
                [
                    0.0,
                    0.0,
                    0.0,
                    1.0
                ]
            ]
        },
        {
            "file_path": "./train/011",
            "transform_matrix": [
                [
                    0.5010766983032227,
                    0.7059759497642517,
                    -0.5005196928977966,
                    -0.9114080667495728
                ],
                [
                    -0.86540287733078,
                    0.4087669849395752,
                    -0.2898057997226715,
                    -0.516359806060791
                ],
                [
                    1.4901161193847656e-08,
                    0.5783661007881165,
                    0.8157773017883301,
                    1.073642373085022
                ],
                [
                    0.0,
                    0.0,
                    0.0,
                    1.0
                ]
            ]
        },
        {
            "file_path": "./train/012",
            "transform_matrix": [
                [
                    -0.6488240361213684,
                    -0.40033143758773804,
                    0.6471182107925415,
                    1.0786651372909546
                ],
                [
                    0.7609384655952454,
                    -0.3413478136062622,
                    0.551773726940155,
                    0.9314072728157043
                ],
                [
                    0.0,
                    0.8504213094711304,
                    0.5261021852493286,
                    0.467933714389801
                ],
                [
                    0.0,
                    0.0,
                    0.0,
                    1.0
                ]
            ]
        },
        {
            "file_path": "./train/013",
            "transform_matrix": [
                [
                    0.8471550941467285,
                    0.42528003454208374,
                    -0.31853607296943665,
                    -0.5789754986763
                ],
                [
                    -0.5313458442687988,
                    0.678048312664032,
                    -0.5078603029251099,
                    -0.9105703234672546
                ],
                [
                    0.0,
                    0.599489152431488,
                    0.8003829121589661,
                    1.0419448614120483
                ],
                [
                    0.0,
                    0.0,
                    0.0,
                    1.0
                ]
            ]
        },
        {
            "file_path": "./train/014",
            "transform_matrix": [
                [
                    0.9196872115135193,
                    -0.24095261096954346,
                    0.3100278377532959,
                    0.533870279788971
                ],
                [
                    0.3926517963409424,
                    0.564370334148407,
                    -0.7261615991592407,
                    -1.2424649000167847
                ],
                [
                    0.0,
                    0.789574384689331,
                    0.6136547327041626,
                    0.6490480899810791
                ],
                [
                    0.0,
                    0.0,
                    0.0,
                    1.0
                ]
            ]
        },
        {
            "file_path": "./train/015",
            "transform_matrix": [
                [
                    0.47581034898757935,
                    0.5450164675712585,
                    -0.6903344392776489,
                    -1.1904773712158203
                ],
                [
                    -0.8795478940010071,
                    0.2948383688926697,
                    -0.37345126271247864,
                    -0.6327037215232849
                ],
                [
                    -1.4901160305669237e-08,
                    0.7848742008209229,
                    0.619655191898346,
                    0.6576089859008789
                ],
                [
                    0.0,
                    0.0,
                    0.0,
                    1.0
                ]
            ]
        },
        {
            "file_path": "./train/016",
            "transform_matrix": [
                [
                    0.7843931913375854,
                    0.22736488282680511,
                    -0.5770897269248962,
                    -0.9295855164527893
                ],
                [
                    -0.620263934135437,
                    0.28752830624580383,
                    -0.7297945618629456,
                    -1.1634211540222168
                ],
                [
                    -2.9802322387695312e-08,
                    0.9303938746452332,
                    0.3665614724159241,
                    0.17978280782699585
                ],
                [
                    0.0,
                    0.0,
                    0.0,
                    1.0
                ]
            ]
        },
        {
            "file_path": "./train/017",
            "transform_matrix": [
                [
                    0.6157370209693909,
                    -0.21069110929965973,
                    0.7592609524726868,
                    1.1866424083709717
                ],
                [
                    0.7879518270492554,
                    0.16464246809482574,
                    -0.5933168530464172,
                    -0.9175019264221191
                ],
                [
                    0.0,
                    0.9635880589485168,
                    0.2673908770084381,
                    0.00835944153368473
                ],
                [
                    0.0,
                    0.0,
                    0.0,
                    1.0
                ]
            ]
        },
        {
            "file_path": "./train/018",
            "transform_matrix": [
                [
                    -0.9377738237380981,
                    -0.291929692029953,
                    0.1880355179309845,
                    0.341388076543808
                ],
                [
                    0.34724676609039307,
                    -0.7883846759796143,
                    0.507808268070221,
                    0.9357490539550781
                ],
                [
                    1.4901161193847656e-08,
                    0.5415040850639343,
                    0.8406980633735657,
                    1.121529221534729
                ],
                [
                    0.0,
                    0.0,
                    0.0,
                    1.0
                ]
            ]
        },
        {
            "file_path": "./train/019",
            "transform_matrix": [
                [
                    -0.917898952960968,
                    -0.32008668780326843,
                    0.2345333993434906,
                    0.42199164628982544
                ],
                [
                    0.3968139588832855,
                    -0.7404155135154724,
                    0.5425160527229309,
                    0.9894902110099792
                ],
                [
                    0.0,
                    0.591041088104248,
                    0.8066414594650269,
                    1.0453861951828003
                ],
                [
                    0.0,
                    0.0,
                    0.0,
                    1.0
                ]
            ]
        },
        {
            "file_path": "./train/020",
            "transform_matrix": [
                [
                    0.4423030912876129,
                    0.6537064909934998,
                    -0.6140323877334595,
                    -1.0912530422210693
                ],
                [
                    -0.8968656063079834,
                    0.32238543033599854,
                    -0.30281955003738403,
                    -0.5269126892089844
                ],
                [
                    0.0,
                    0.684642493724823,
                    0.7288790345191956,
                    0.8840416669845581
                ],
                [
                    0.0,
                    0.0,
                    0.0,
                    1.0
                ]
            ]
        },
        {
            "file_path": "./train/021",
            "transform_matrix": [
                [
                    -0.2650402784347534,
                    0.49202004075050354,
                    -0.8292586803436279,
                    -1.3804149627685547
                ],
                [
                    -0.9642373323440552,
                    -0.13524171710014343,
                    0.22793863713741302,
                    0.3898063898086548
                ],
                [
                    7.450580596923828e-09,
                    0.8600149750709534,
                    0.5102685689926147,
                    0.4387546181678772
                ],
                [
                    0.0,
                    0.0,
                    0.0,
                    1.0
                ]
            ]
        },
        {
            "file_path": "./train/022",
            "transform_matrix": [
                [
                    -0.0918172225356102,
                    -0.6133683323860168,
                    0.7844418287277222,
                    1.3460901975631714
                ],
                [
                    0.9957758784294128,
                    -0.05655667558312416,
                    0.07233080267906189,
                    0.1349124163389206
                ],
                [
                    -3.7252898543727042e-09,
                    0.7877694964408875,
                    0.6159701347351074,
                    0.6479504704475403
                ],
                [
                    0.0,
                    0.0,
                    0.0,
                    1.0
                ]
            ]
        },
        {
            "file_path": "./train/023",
            "transform_matrix": [
                [
                    0.23544585704803467,
                    -0.36275503039360046,
                    0.9016507267951965,
                    1.4484226703643799
                ],
                [
                    0.971887469291687,
                    0.08787969499826431,
                    -0.2184305638074875,
                    -0.3404807448387146
                ],
                [
                    -7.450580596923828e-09,
                    0.9277315735816956,
                    0.37324801087379456,
                    0.19011779129505157
                ],
                [
                    0.0,
                    0.0,
                    0.0,
                    1.0
                ]
            ]
        },
        {
            "file_path": "./train/024",
            "transform_matrix": [
                [
                    0.9145011901855469,
                    0.38353580236434937,
                    -0.128793865442276,
                    -0.24413810670375824
                ],
                [
                    -0.40458324551582336,
                    0.8669265508651733,
                    -0.29111969470977783,
                    -0.5385481715202332
                ],
                [
                    -7.450580596923828e-09,
                    0.31833723187446594,
                    0.9479775428771973,
                    1.378536343574524
                ],
                [
                    0.0,
                    0.0,
                    0.0,
                    1.0
                ]
            ]
        },
        {
            "file_path": "./train/025",
            "transform_matrix": [
                [
                    0.5616515874862671,
                    0.2959655523300171,
                    -0.7726265788078308,
                    -1.239001750946045
                ],
                [
                    -0.8273739218711853,
                    0.2009122371673584,
                    -0.5244871377944946,
                    -0.829610288143158
                ],
                [
                    1.4901162970204496e-08,
                    0.9338300824165344,
                    0.357716828584671,
                    0.16316083073616028
                ],
                [
                    0.0,
                    0.0,
                    0.0,
                    1.0
                ]
            ]
        },
        {
            "file_path": "./train/026",
            "transform_matrix": [
                [
                    -0.9299646019935608,
                    0.27789610624313354,
                    -0.24070650339126587,
                    -0.4289897680282593
                ],
                [
                    -0.367649108171463,
                    -0.7029353380203247,
                    0.6088646054267883,
                    1.0929005146026611
                ],
                [
                    0.0,
                    0.6547180414199829,
                    0.7558732628822327,
                    0.9335610866546631
                ],
                [
                    0.0,
                    0.0,
                    0.0,
                    1.0
                ]
            ]
        },
        {
            "file_path": "./train/027",
            "transform_matrix": [
                [
                    0.22650252282619476,
                    0.8772647976875305,
                    -0.4232058823108673,
                    -0.7880105972290039
                ],
                [
                    -0.9740105867385864,
                    0.2040046602487564,
                    -0.09841495007276535,
                    -0.17229348421096802
                ],
                [
                    0.0,
                    0.43449822068214417,
                    0.9006726145744324,
                    1.2646558284759521
                ],
                [
                    0.0,
                    0.0,
                    0.0,
                    1.0
                ]
            ]
        },
        {
            "file_path": "./train/028",
            "transform_matrix": [
                [
                    -0.5955920815467834,
                    -0.46299248933792114,
                    0.6564359664916992,
                    1.110324501991272
                ],
                [
                    0.803287148475647,
                    -0.3432827591896057,
                    0.48671019077301025,
                    0.8347843289375305
                ],
                [
                    -1.4901161193847656e-08,
                    0.8171872496604919,
                    0.5763723850250244,
                    0.5659634470939636
                ],
                [
                    0.0,
                    0.0,
                    0.0,
                    1.0
                ]
            ]
        },
        {
            "file_path": "./train/029",
            "transform_matrix": [
                [
                    0.4793242812156677,
                    0.561560869216919,
                    -0.6744610667228699,
                    -1.1696821451187134
                ],
                [
                    -0.8776378631591797,
                    0.3066979646682739,
                    -0.3683587312698364,
                    -0.6275084614753723
                ],
                [
                    -1.4901159417490817e-08,
                    0.7684958577156067,
                    0.6398547887802124,
                    0.6986249685287476
                ],
                [
                    0.0,
                    0.0,
                    0.0,
                    1.0
                ]
            ]
        },
        {
            "file_path": "./train/030",
            "transform_matrix": [
                [
                    0.9806859493255615,
                    -0.1835315227508545,
                    0.06761140376329422,
                    0.12613297998905182
                ],
                [
                    0.19558915495872498,
                    0.9202287793159485,
                    -0.339004248380661,
                    -0.6275174021720886
                ],
                [
                    7.4505797087454084e-09,
                    0.3456808924674988,
                    0.9383522272109985,
                    1.3565810918807983
                ],
                [
                    0.0,
                    0.0,
                    0.0,
                    1.0
                ]
            ]
        },
        {
            "file_path": "./train/031",
            "transform_matrix": [
                [
                    0.2573372423648834,
                    0.3057239055633545,
                    -0.9166843295097351,
                    -1.4495714902877808
                ],
                [
                    -0.9663216471672058,
                    0.08141610771417618,
                    -0.24411854147911072,
                    -0.37503522634506226
                ],
                [
                    0.0,
                    0.9486328959465027,
                    0.31637898087501526,
                    0.08995010703802109
                ],
                [
                    0.0,
                    0.0,
                    0.0,
                    1.0
                ]
            ]
        },
        {
            "file_path": "./train/032",
            "transform_matrix": [
                [
                    0.23377695679664612,
                    0.8154146075248718,
                    -0.5295729041099548,
                    -0.9691998958587646
                ],
                [
                    -0.9722902774810791,
                    0.19605787098407745,
                    -0.1273302286863327,
                    -0.2220693826675415
                ],
                [
                    7.4505797087454084e-09,
                    0.5446654558181763,
                    0.8386534452438354,
                    1.123092532157898
                ],
                [
                    0.0,
                    0.0,
                    0.0,
                    1.0
                ]
            ]
        },
        {
            "file_path": "./train/033",
            "transform_matrix": [
                [
                    0.8770323991775513,
                    -0.40373069047927856,
                    0.26041457056999207,
                    0.47659239172935486
                ],
                [
                    0.48043134808540344,
                    0.7370145320892334,
                    -0.4753894805908203,
                    -0.861438512802124
                ],
                [
                    0.0,
                    0.5420432090759277,
                    0.8403505682945251,
                    1.1317169666290283
                ],
                [
                    0.0,
                    0.0,
                    0.0,
                    1.0
                ]
            ]
        },
        {
            "file_path": "./train/034",
            "transform_matrix": [
                [
                    -0.9284535050392151,
                    -0.2835736870765686,
                    0.23991680145263672,
                    0.4263685345649719
                ],
                [
                    0.37144869565963745,
                    -0.7088057994842529,
                    0.5996833443641663,
                    1.0792938470840454
                ],
                [
                    0.0,
                    0.6458948254585266,
                    0.7634263634681702,
                    0.9504392147064209
                ],
                [
                    0.0,
                    0.0,
                    0.0,
                    1.0
                ]
            ]
        },
        {
            "file_path": "./train/035",
            "transform_matrix": [
                [
                    -0.2773369550704956,
                    0.41099679470062256,
                    -0.8684272766113281,
                    -1.4121025800704956
                ],
                [
                    -0.9607727527618408,
                    -0.11863846331834793,
                    0.25068047642707825,
                    0.41797327995300293
                ],
                [
                    -7.450580596923828e-09,
                    0.9038841128349304,
                    0.42777737975120544,
                    0.2850694954395294
                ],
                [
                    0.0,
                    0.0,
                    0.0,
                    1.0
                ]
            ]
        },
        {
            "file_path": "./train/036",
            "transform_matrix": [
                [
                    0.7252858281135559,
                    -0.34322822093963623,
                    0.5967870354652405,
                    0.9955442547798157
                ],
                [
                    0.6884478330612183,
                    0.36159390211105347,
                    -0.6287203431129456,
                    -1.0393399000167847
                ],
                [
                    1.4901161193847656e-08,
                    0.866858720779419,
                    0.49855369329452515,
                    0.422686904668808
                ],
                [
                    0.0,
                    0.0,
                    0.0,
                    1.0
                ]
            ]
        },
        {
            "file_path": "./train/037",
            "transform_matrix": [
                [
                    0.99821937084198,
                    -0.05457442253828049,
                    0.024078959599137306,
                    0.043907567858695984
                ],
                [
                    0.059650350362062454,
                    0.913276195526123,
                    -0.40294960141181946,
                    -0.7433519959449768
                ],
                [
                    1.862645371275562e-09,
                    0.40366843342781067,
                    0.914905309677124,
                    1.302113652229309
                ],
                [
                    0.0,
                    0.0,
                    0.0,
                    1.0
                ]
            ]
        },
        {
            "file_path": "./train/038",
            "transform_matrix": [
                [
                    -0.30484145879745483,
                    0.9254226088523865,
                    -0.2250882238149643,
                    -0.427437424659729
                ],
                [
                    -0.95240318775177,
                    -0.29620561003685,
                    0.07204534858465195,
                    0.14713163673877716
                ],
                [
                    0.0,
                    0.23633702099323273,
                    0.9716711044311523,
                    1.4302620887756348
                ],
                [
                    0.0,
                    0.0,
                    0.0,
                    1.0
                ]
            ]
        },
        {
            "file_path": "./train/039",
            "transform_matrix": [
                [
                    0.32015806436538696,
                    0.5567976236343384,
                    -0.7664692401885986,
                    -1.3087257146835327
                ],
                [
                    -0.9473641514778137,
                    0.18816760182380676,
                    -0.25902533531188965,
                    -0.4312020242214203
                ],
                [
                    -1.4901161193847656e-08,
                    0.8090546727180481,
                    0.5877334475517273,
                    0.5927072167396545
                ],
                [
                    0.0,
                    0.0,
                    0.0,
                    1.0
                ]
            ]
        },
        {
            "file_path": "./train/040",
            "transform_matrix": [
                [
                    0.9519745707511902,
                    -0.26249414682388306,
                    0.15761153399944305,
                    0.2893603444099426
                ],
                [
                    0.30617740750312805,
                    0.8161535263061523,
                    -0.4900497794151306,
                    -0.8925787210464478
                ],
                [
                    0.0,
                    0.5147719383239746,
                    0.8573270440101624,
                    1.1702879667282104
                ],
                [
                    0.0,
                    0.0,
                    0.0,
                    1.0
                ]
            ]
        },
        {
            "file_path": "./train/041",
            "transform_matrix": [
                [
                    -0.9999736547470093,
                    -0.002552548423409462,
                    0.006801926530897617,
                    0.009616736322641373
                ],
                [
                    0.007265102583914995,
                    -0.35133451223373413,
                    0.9362217783927917,
                    1.4928209781646729
                ],
                [
                    2.3283067140944524e-10,
                    0.9362464547157288,
                    0.3513437807559967,
                    0.14626355469226837
                ],
                [
                    0.0,
                    0.0,
                    0.0,
                    1.0
                ]
            ]
        },
        {
            "file_path": "./train/042",
            "transform_matrix": [
                [
                    -0.8140937089920044,
                    -0.4259088635444641,
                    0.3947824537754059,
                    0.6967989802360535
                ],
                [
                    0.5807336568832397,
                    -0.597054660320282,
                    0.5534204840660095,
                    0.9891000390052795
                ],
                [
                    1.4901161193847656e-08,
                    0.6797995567321777,
                    0.7333980202674866,
                    0.8866522312164307
                ],
                [
                    0.0,
                    0.0,
                    0.0,
                    1.0
                ]
            ]
        },
        {
            "file_path": "./train/043",
            "transform_matrix": [
                [
                    0.3335404396057129,
                    0.8199937343597412,
                    -0.46514633297920227,
                    -0.8590453267097473
                ],
                [
                    -0.9427358508110046,
                    0.2901141941547394,
                    -0.16456900537014008,
                    -0.2928355932235718
                ],
                [
                    0.0,
                    0.49340054392814636,
                    0.8698022365570068,
                    1.1942732334136963
                ],
                [
                    0.0,
                    0.0,
                    0.0,
                    1.0
                ]
            ]
        },
        {
            "file_path": "./train/044",
            "transform_matrix": [
                [
                    -0.74835205078125,
                    0.2362937033176422,
                    -0.6197857856750488,
                    -0.9849228858947754
                ],
                [
                    -0.6633017063140869,
                    -0.2665919363498688,
                    0.699256420135498,
                    1.1206010580062866
                ],
                [
                    0.0,
                    0.9343949556350708,
                    0.35623860359191895,
                    0.15550024807453156
                ],
                [
                    0.0,
                    0.0,
                    0.0,
                    1.0
                ]
            ]
        },
        {
            "file_path": "./train/045",
            "transform_matrix": [
                [
                    -0.4228458106517792,
                    0.3630378842353821,
                    -0.8303041458129883,
                    -1.3385534286499023
                ],
                [
                    -0.9062016606330872,
                    -0.16939830780029297,
                    0.38743099570274353,
                    0.6347373127937317
                ],
                [
                    0.0,
                    0.9162464737892151,
                    0.4006148874759674,
                    0.23533645272254944
                ],
                [
                    0.0,
                    0.0,
                    0.0,
                    1.0
                ]
            ]
        },
        {
            "file_path": "./train/046",
            "transform_matrix": [
                [
                    0.7933527827262878,
                    -0.5385324358940125,
                    0.28385600447654724,
                    0.5256049036979675
                ],
                [
                    0.6087622046470642,
                    0.7018277645111084,
                    -0.36992764472961426,
                    -0.6757931709289551
                ],
                [
                    1.4901161193847656e-08,
                    0.4662839472293854,
                    0.8846350908279419,
                    1.2316830158233643
                ],
                [
                    0.0,
                    0.0,
                    0.0,
                    1.0
                ]
            ]
        },
        {
            "file_path": "./train/047",
            "transform_matrix": [
                [
                    -0.6768590807914734,
                    0.42167919874191284,
                    -0.6033642888069153,
                    -1.0202357769012451
                ],
                [
                    -0.7361125946044922,
                    -0.387736052274704,
                    0.5547963976860046,
                    0.9477407336235046
                ],
                [
                    1.4901160305669237e-08,
                    0.8196630477905273,
                    0.572845995426178,
                    0.5575898289680481
                ],
                [
                    0.0,
                    0.0,
