{
    "camera_angle_x": 0.8575560450553894,
    "frames": [
        {
            "file_path": "./train/000",
            "transform_matrix": [
                [
                    -0.97464919090271,
                    -0.1368323415517807,
                    0.17701953649520874,
                    0.3008075952529907
                ],
                [
                    0.22373872995376587,
                    -0.5960682034492493,
                    0.7711313962936401,
                    1.3260796070098877
                ],
                [
                    7.450581485102248e-09,
                    0.791188657283783,
                    0.6115720868110657,
                    0.6332674622535706
                ],
                [
                    0.0,
                    0.0,
                    0.0,
                    1.0
                ]
            ]
        },
        {
            "file_path": "./train/001",
            "transform_matrix": [
                [
                    -0.8847063779830933,
                    0.26109662652015686,
                    -0.3861648738384247,
                    -0.6503226161003113
                ],
                [
                    -0.46614891290664673,
                    -0.49553659558296204,
                    0.7329042553901672,
                    1.2427531480789185
                ],
                [
                    1.4901162970204496e-08,
                    0.8284153342247009,
                    0.5601141452789307,
                    0.5316437482833862
                ],
                [
                    0.0,
                    0.0,
                    0.0,
                    1.0
                ]
            ]
        },
        {
            "file_path": "./train/002",
            "transform_matrix": [
                [
                    0.25140899419784546,
                    -0.6582350134849548,
                    0.7095915079116821,
                    1.2418102025985718
                ],
                [
                    0.96788090467453,
                    0.1709778755903244,
                    -0.18431782722473145,
                    -0.31217411160469055
                ],
                [
                    0.0,
                    0.7331392765045166,
                    0.6800785064697266,
                    0.7813159823417664
                ],
                [
                    0.0,
                    0.0,
                    0.0,
                    1.0
                ]
            ]
        },
        {
            "file_path": "./train/003",
            "transform_matrix": [
                [
                    -0.9870320558547974,
                    -0.13044831156730652,
                    0.09354743361473083,
                    0.16784843802452087
                ],
                [
                    0.16052378714084625,
                    -0.8021033406257629,
                    0.5752063989639282,
                    1.0498374700546265
                ],
                [
                    7.450581485102248e-09,
                    0.5827636122703552,
                    0.8126416206359863,
                    1.0581437349319458
                ],
                [
                    0.0,
                    0.0,
                    0.0,
                    1.0
                ]
            ]
        },
        {
            "file_path": "./train/004",
            "transform_matrix": [
                [
                    -0.5647779703140259,
                    0.5088609457015991,
                    -0.649681806564331,
                    -1.112869143486023
                ],
                [
                    -0.8252429962158203,
                    -0.34825313091278076,
                    0.4446277916431427,
                    0.7715226411819458
                ],
                [
                    0.0,
                    0.7872611880302429,
                    0.6166196465492249,
                    0.6451936960220337
                ],
                [
                    0.0,
                    0.0,
                    0.0,
                    1.0
                ]
            ]
        },
        {
            "file_path": "./train/005",
            "transform_matrix": [
                [
                    -0.5245176553726196,
                    -0.27641353011131287,
                    0.8052805662155151,
                    1.2690191268920898
                ],
                [
                    0.8513996005058289,
                    -0.17028875648975372,
                    0.4961053133010864,
                    0.7931955456733704
                ],
                [
                    1.4901161193847656e-08,
                    0.9458315372467041,
                    0.3246578276157379,
                    0.10213445872068405
                ],
                [
                    0.0,
                    0.0,
                    0.0,
                    1.0
                ]
            ]
        },
        {
            "file_path": "./train/006",
            "transform_matrix": [
                [
                    -0.33608508110046387,
                    0.734524130821228,
                    -0.5895092487335205,
                    -1.0587358474731445
                ],
                [
                    -0.9418315291404724,
                    -0.26210910081863403,
                    0.21036167442798615,
                    0.3880782723426819
                ],
                [
                    -1.4901158529312397e-08,
                    0.625917911529541,
                    0.7798890471458435,
                    0.9891782999038696
                ],
                [
                    0.0,
                    0.0,
                    0.0,
                    1.0
                ]
            ]
        },
        {
            "file_path": "./train/007",
            "transform_matrix": [
                [
                    0.969460666179657,
                    -0.23519350588321686,
                    0.06949835270643234,
                    0.13036812841892242
                ],
                [
                    0.2452467978000641,
                    0.9297199249267578,
                    -0.2747270166873932,
                    -0.5092090368270874
                ],
                [
                    7.450580152834618e-09,
                    0.2833813726902008,
                    0.9590072631835938,
                    1.4048880338668823
                ],
                [
                    0.0,
                    0.0,
                    0.0,
                    1.0
                ]
            ]
        },
        {
            "file_path": "./train/008",
            "transform_matrix": [
                [
                    -0.8310416340827942,
                    0.5517659187316895,
                    -0.07017337530851364,
                    -0.13477666676044464
                ],
                [
                    -0.5562103390693665,
                    -0.8244011998176575,
                    0.10484703630208969,
                    0.21033909916877747
                ],
                [
                    3.725290298461914e-09,
                    0.12616321444511414,
                    0.9920094013214111,
                    1.4790512323379517
                ],
                [
                    0.0,
                    0.0,
                    0.0,
                    1.0
                ]
            ]
        },
        {
            "file_path": "./train/009",
            "transform_matrix": [
                [
                    -0.7105702757835388,
                    -0.6777421236038208,
                    0.18909144401550293,
                    0.35594305396080017
                ],
                [
                    0.703626275062561,
                    -0.6844306588172913,
                    0.19095756113529205,
                    0.37130627036094666
                ],
                [
                    0.0,
                    0.268738329410553,
                    0.9632132053375244,
                    1.4090551137924194
                ],
                [
                    0.0,
                    0.0,
                    0.0,
                    1.0
                ]
            ]
        },
        {
            "file_path": "./train/010",
            "transform_matrix": [
                [
                    0.4190543591976166,
                    0.7851781249046326,
                    -0.4559480845928192,
                    -0.8411973714828491
                ],
                [
                    -0.9079611301422119,
                    0.36238592863082886,
                    -0.21043525636196136,
                    -0.37702158093452454
                ],
                [
                    1.4901161193847656e-08,
                    0.5021670460700989,
                    0.8647705912590027,
                    1.1833181381225586
                ],
                [
                    0.0,
                    0.0,
                    0.0,
                    1.0
                ]
            ]
        },
        {
            "file_path": "./train/011",
            "transform_matrix": [
                [
                    -0.7090237140655518,
                    -0.6036067008972168,
                    0.36461520195007324,
                    0.6666363477706909
                ],
                [
                    0.7051845788955688,
                    -0.6068928241729736,
                    0.3666002154350281,
                    0.6821109652519226
                ],
                [
                    1.4901160305669237e-08,
                    0.5170491337776184,
                    0.8559557199478149,
                    1.1577221155166626
                ],
                [
                    0.0,
                    0.0,
                    0.0,
                    1.0
                ]
            ]
        },
        {
            "file_path": "./train/012",
            "transform_matrix": [
                [
                    0.5991888046264648,
                    0.4065800607204437,
                    -0.689685046672821,
                    -1.1538829803466797
                ],
                [
                    -0.8006077408790588,
                    0.30429163575172424,
                    -0.5161723494529724,
                    -0.852036714553833
                ],
                [
                    0.0,
                    0.8614518642425537,
                    0.5078393220901489,
                    0.43884778022766113
                ],
                [
                    0.0,
                    0.0,
                    0.0,
                    1.0
                ]
            ]
        },
        {
            "file_path": "./train/013",
            "transform_matrix": [
                [
                    0.635962188243866,
                    -0.4665307402610779,
                    0.6147366762161255,
                    1.0555695295333862
                ],
                [
                    0.771720290184021,
                    0.3844604194164276,
                    -0.5065945386886597,
                    -0.8601389527320862
                ],
                [
                    0.0,
                    0.7965797185897827,
                    0.6045334339141846,
                    0.6292327642440796
                ],
                [
                    0.0,
                    0.0,
                    0.0,
                    1.0
                ]
            ]
        },
        {
            "file_path": "./train/014",
            "transform_matrix": [
                [
                    0.8513062000274658,
                    -0.19005483388900757,
                    0.48903688788414,
                    0.78569495677948
                ],
                [
                    0.5246694087982178,
                    0.30837488174438477,
                    -0.7934904098510742,
                    -1.266015648841858
                ],
                [
                    0.0,
                    0.9320858716964722,
                    0.3622373640537262,
                    0.17288057506084442
                ],
                [
                    0.0,
                    0.0,
                    0.0,
                    1.0
                ]
            ]
        },
        {
            "file_path": "./train/015",
            "transform_matrix": [
                [
                    0.7560690641403198,
                    0.33024001121520996,
                    -0.5650674104690552,
                    -0.945770263671875
                ],
                [
                    -0.6544919610023499,
                    0.3814932405948639,
                    -0.6527658104896545,
                    -1.080535888671875
                ],
                [
                    0.0,
                    0.8633680939674377,
                    0.5045745968818665,
                    0.4335445463657379
                ],
                [
                    0.0,
                    0.0,
                    0.0,
                    1.0
                ]
            ]
        },
        {
            "file_path": "./train/016",
            "transform_matrix": [
                [
                    0.40579333901405334,
                    0.7340028285980225,
                    -0.5445839166641235,
                    -0.9876984357833862
                ],
                [
                    -0.9139649271965027,
                    0.32589155435562134,
                    -0.2417910397052765,
                    -0.4273315966129303
                ],
                [
                    0.0,
                    0.5958477854728699,
                    0.8030974864959717,
                    1.04491126537323
                ],
                [
                    0.0,
                    0.0,
                    0.0,
                    1.0
                ]
            ]
        },
        {
            "file_path": "./train/017",
            "transform_matrix": [
                [
                    0.7703583240509033,
                    -0.49990952014923096,
                    0.39577585458755493,
                    0.713786244392395
                ],
                [
                    0.6376112699508667,
                    0.6039878129959106,
                    -0.4781741499900818,
                    -0.8530958890914917
                ],
                [
                    0.0,
                    0.6207165718078613,
                    0.7840350866317749,
                    1.0063481330871582
                ],
                [
                    0.0,
                    0.0,
                    0.0,
                    1.0
                ]
            ]
        },
        {
            "file_path": "./train/018",
            "transform_matrix": [
                [
                    -0.20701837539672852,
                    -0.6089038252830505,
                    0.765754222869873,
                    1.3154772520065308
                ],
                [
                    0.9783371686935425,
                    -0.1288454383611679,
                    0.16203534603118896,
                    0.28928932547569275
                ],
                [
                    0.0,
                    0.7827099561691284,
                    0.6223865747451782,
                    0.660175085067749
                ],
                [
                    0.0,
                    0.0,
                    0.0,
                    1.0
                ]
            ]
        },
        {
            "file_path": "./train/019",
            "transform_matrix": [
                [
                    0.8703612685203552,
                    0.2985871732234955,
                    -0.39155709743499756,
                    -0.6749563813209534
                ],
                [
                    -0.492413729429245,
                    0.5277649760246277,
                    -0.6920930743217468,
                    -1.1802899837493896
                ],
                [
                    1.4901161193847656e-08,
                    0.795179009437561,
                    0.6063746809959412,
                    0.633521556854248
                ],
                [
                    0.0,
                    0.0,
                    0.0,
                    1.0
                ]
            ]
        },
        {
            "file_path": "./train/020",
            "transform_matrix": [
                [
                    0.4406118392944336,
                    0.8454791903495789,
                    -0.3017053008079529,
                    -0.5687428712844849
                ],
                [
                    -0.8976976275444031,
                    0.41498175263404846,
                    -0.14808429777622223,
                    -0.2679000198841095
                ],
                [
                    1.4901158529312397e-08,
                    0.33608782291412354,
                    0.9418306946754456,
                    1.3618961572647095
                ],
                [
                    0.0,
                    0.0,
                    0.0,
                    1.0
                ]
            ]
        },
        {
            "file_path": "./train/021",
            "transform_matrix": [
                [
                    0.9623166918754578,
                    -0.09374658018350601,
                    0.25526121258735657,
                    0.40778669714927673
                ],
                [
                    0.2719314694404602,
                    0.33175233006477356,
                    -0.9033236503601074,
                    -1.436470866203308
                ],
                [
                    -7.450580596923828e-09,
                    0.9386969804763794,
                    0.34474337100982666,
                    0.1423429399728775
                ],
                [
                    0.0,
                    0.0,
                    0.0,
                    1.0
                ]
            ]
        },
        {
            "file_path": "./train/022",
            "transform_matrix": [
                [
                    -0.9843275547027588,
                    -0.10280897468328476,
                    0.14328159391880035,
                    0.24124911427497864
                ],
                [
                    0.1763499230146408,
                    -0.5738460421562195,
                    0.7997509241104126,
                    1.3636879920959473
                ],
                [
                    0.0,
                    0.8124845623970032,
                    0.5829827785491943,
                    0.5763278603553772
                ],
                [
                    0.0,
                    0.0,
                    0.0,
                    1.0
                ]
            ]
        },
        {
            "file_path": "./train/023",
            "transform_matrix": [
                [
                    -0.500994861125946,
                    0.5413271188735962,
                    -0.6752548217773438,
                    -1.1599321365356445
                ],
                [
                    -0.8654502630233765,
                    -0.3133653402328491,
                    0.3908938765525818,
                    0.6814867258071899
                ],
                [
                    0.0,
                    0.780235230922699,
                    0.6254861354827881,
                    0.6634253859519958
                ],
                [
                    0.0,
                    0.0,
                    0.0,
                    1.0
                ]
            ]
        },
        {
            "file_path": "./train/024",
            "transform_matrix": [
                [
                    0.9842437505722046,
                    -0.12475594133138657,
                    0.12530048191547394,
                    0.2206200808286667
                ],
                [
                    0.17681701481342316,
                    0.6944482326507568,
                    -0.6974793672561646,
                    -1.2237929105758667
                ],
                [
                    0.0,
                    0.7086449265480042,
                    0.7055652737617493,
                    0.8388431072235107
                ],
                [
                    0.0,
                    0.0,
                    0.0,
                    1.0
                ]
            ]
        },
        {
            "file_path": "./train/025",
            "transform_matrix": [
                [
                    0.7940450310707092,
                    -0.45895126461982727,
                    0.39856767654418945,
                    0.7132819294929504
                ],
                [
                    0.6078588962554932,
                    0.5995272397994995,
                    -0.5206483006477356,
                    -0.9225754141807556
                ],
                [
                    1.4901161193847656e-08,
                    0.6556911468505859,
                    0.7550292015075684,
                    0.9434423446655273
                ],
                [
                    0.0,
                    0.0,
                    0.0,
                    1.0
                ]
            ]
        },
        {
            "file_path": "./train/026",
            "transform_matrix": [
                [
                    -0.2833678424358368,
                    0.5181530714035034,
                    -0.8069819211959839,
                    -1.3546617031097412
                ],
                [
                    -0.9590113162994385,
                    -0.15310344099998474,
                    0.23844633996486664,
                    0.4106217324733734
                ],
                [
                    -7.450581485102248e-09,
                    0.8414729833602905,
                    0.540299117565155,
                    0.4962676167488098
                ],
                [
                    0.0,
                    0.0,
                    0.0,
                    1.0
                ]
            ]
        },
        {
            "file_path": "./train/027",
            "transform_matrix": [
                [
                    -0.8514612317085266,
                    0.18487992882728577,
                    -0.4907476305961609,
                    -0.7788100242614746
                ],
                [
                    -0.5244176387786865,
                    -0.3001769781112671,
                    0.7967935800552368,
                    1.273319125175476
                ],
                [
                    0.0,
                    0.9357955455780029,
                    0.35254332423210144,
                    0.14870549738407135
                ],
                [
                    0.0,
                    0.0,
                    0.0,
                    1.0
                ]
            ]
        },
        {
            "file_path": "./train/028",
            "transform_matrix": [
                [
                    0.7171086072921753,
                    -0.5797001719474792,
                    0.3869147002696991,
                    0.7066552042961121
                ],
                [
                    0.6969614624977112,
                    0.5964576005935669,
                    -0.39809927344322205,
                    -0.7175794839859009
                ],
                [
                    1.4901161193847656e-08,
                    0.5551448464393616,
                    0.8317536115646362,
                    1.111628532409668
                ],
                [
                    0.0,
                    0.0,
                    0.0,
                    1.0
                ]
            ]
        },
        {
            "file_path": "./train/029",
            "transform_matrix": [
                [
                    -0.19878733158111572,
                    -0.7902944684028625,
                    0.579584538936615,
                    1.0479525327682495
                ],
                [
                    0.9800426959991455,
                    -0.16029967367649078,
                    0.1175602376461029,
                    0.22348307073116302
                ],
                [
                    7.450580596923828e-09,
                    0.5913870930671692,
                    0.8063878417015076,
                    1.049690842628479
                ],
                [
                    0.0,
                    0.0,
                    0.0,
                    1.0
                ]
            ]
        },
        {
            "file_path": "./train/030",
            "transform_matrix": [
                [
                    0.010192557238042355,
                    -0.9349870085716248,
                    0.3545354902744293,
                    0.6642341017723083
                ],
                [
                    0.9999481439590454,
                    0.009530402719974518,
                    -0.0036138107534497976,
                    0.003905362682417035
                ],
                [
                    0.0,
                    0.35455387830734253,
                    0.9350355863571167,
                    1.3449081182479858
                ],
                [
                    0.0,
                    0.0,
                    0.0,
                    1.0
                ]
            ]
        },
        {
            "file_path": "./train/031",
            "transform_matrix": [
                [
                    -0.8051174283027649,
                    0.5807989239692688,
                    -0.12024392932653427,
                    -0.22921885550022125
                ],
                [
                    -0.593115508556366,
                    -0.7883984446525574,
                    0.16322366893291473,
                    0.32027509808540344
                ],
                [
                    0.0,
                    0.20273272693157196,
                    0.9792340993881226,
                    1.4473708868026733
                ],
                [
                    0.0,
                    0.0,
                    0.0,
                    1.0
                ]
            ]
        },
        {
            "file_path": "./train/032",
            "transform_matrix": [
                [
                    0.797450065612793,
                    -0.35933011770248413,
                    0.4847217798233032,
                    0.8307062387466431
                ],
                [
                    0.6033849120140076,
                    0.4749005436897278,
                    -0.6406216025352478,
                    -1.0887181758880615
                ],
                [
                    0.0,
                    0.8033376336097717,
                    0.5955237746238708,
                    0.6120620965957642
                ],
                [
                    0.0,
                    0.0,
                    0.0,
                    1.0
                ]
            ]
        },
        {
            "file_path": "./train/033",
            "transform_matrix": [
                [
                    0.4900144338607788,
                    0.35360944271087646,
                    -0.7967724204063416,
                    -1.2943271398544312
                ],
                [
                    -0.8717143535614014,
                    0.19877351820468903,
                    -0.4478875398635864,
                    -0.7162416577339172
                ],
                [
                    0.0,
                    0.9140291810035706,
                    0.40564829111099243,
                    0.24842534959316254
                ],
                [
                    0.0,
                    0.0,
                    0.0,
                    1.0
                ]
            ]
        },
        {
            "file_path": "./train/034",
            "transform_matrix": [
                [
                    -0.8974534273147583,
                    -0.3465732932090759,
                    0.27288177609443665,
                    0.4882960319519043
                ],
                [
                    0.44110944867134094,
                    -0.7051160931587219,
                    0.555188000202179,
                    1.006486415863037
                ],
                [
                    0.0,
                    0.6186259984970093,
                    0.7856855392456055,
                    0.999275803565979
                ],
                [
                    0.0,
                    0.0,
                    0.0,
                    1.0
                ]
            ]
        },
        {
            "file_path": "./train/035",
            "transform_matrix": [
                [
                    0.3230046331882477,
                    -0.37282317876815796,
                    0.8698683381080627,
                    1.406298279762268
                ],
                [
                    0.9463974237442017,
                    0.12724421918392181,
                    -0.29688531160354614,
                    -0.4696737229824066
                ],
                [
                    7.450580596923828e-09,
                    0.9191363453865051,
                    0.39393943548202515,
                    0.2274462729692459
                ],
                [
                    0.0,
                    0.0,
                    0.0,
                    1.0
                ]
            ]
        },
        {
            "file_path": "./train/036",
            "transform_matrix": [
                [
                    -0.5463712811470032,
                    -0.6965349912643433,
                    0.46509939432144165,
                    0.8454171419143677
                ],
                [
                    0.8375431299209595,
                    -0.4543846547603607,
                    0.30340760946273804,
                    0.5629467368125916
                ],
                [
                    0.0,
                    0.5553139448165894,
                    0.8316407203674316,
                    1.1037938594818115
                ],
                [
                    0.0,
                    0.0,
                    0.0,
                    1.0
                ]
            ]
        },
        {
            "file_path": "./train/037",
            "transform_matrix": [
                [
                    -0.9171721935272217,
                    -0.27866479754447937,
                    0.2848525941371918,
                    0.497274786233902
                ],
                [
                    0.3984909653663635,
                    -0.6413787007331848,
                    0.6556205749511719,
                    1.157872200012207
                ],
                [
                    0.0,
                    0.7148281335830688,
                    0.6993000507354736,
                    0.813664436340332
                ],
                [
                    0.0,
                    0.0,
                    0.0,
                    1.0
                ]
            ]
        },
        {
            "file_path": "./train/038",
            "transform_matrix": [
                [
                    -0.31495022773742676,
                    0.7827036380767822,
                    -0.5368251204490662,
                    -0.9765141010284424
                ],
                [
                    -0.9491082429885864,
                    -0.25973084568977356,
                    0.17813900113105774,
                    0.3343501687049866
                ],
                [
                    0.0,
                    0.5656101107597351,
                    0.8246728777885437,
                    1.0884071588516235
                ],
                [
                    0.0,
                    0.0,
                    0.0,
                    1.0
                ]
            ]
        },
        {
            "file_path": "./train/039",
            "transform_matrix": [
                [
                    -0.21211928129196167,
                    -0.49033719301223755,
                    0.8453252911567688,
                    1.4037867784500122
                ],
                [
                    0.9772437214851379,
                    -0.1064319759607315,
                    0.1834852397441864,
                    0.3156417906284332
                ],
                [
                    7.450580152834618e-09,
                    0.8650096654891968,
                    0.5017552375793457,
                    0.4239727556705475
                ],
                [
                    0.0,
                    0.0,
                    0.0,
                    1.0
                ]
            ]
        },
        {
            "file_path": "./train/040",
            "transform_matrix": [
                [
                    0.2387663871049881,
                    -0.8071086406707764,
                    0.5399687886238098,
                    0.9847119450569153
                ],
                [
                    0.971077024936676,
                    0.19845019280910492,
                    -0.13276639580726624,
                    -0.23171432316303253
                ],
                [
                    -7.450580596923828e-09,
                    0.5560514330863953,
                    0.8311478495597839,
                    1.1075427532196045
                ],
                [
                    0.0,
                    0.0,
                    0.0,
                    1.0
                ]
            ]
        },
        {
            "file_path": "./train/041",
            "transform_matrix": [
                [
                    -0.5926572680473328,
                    -0.6148107647895813,
                    0.5203508734703064,
                    0.9277186989784241
                ],
                [
                    0.8054548501968384,
                    -0.45238053798675537,
                    0.38287654519081116,
                    0.6941545009613037
                ],
                [
                    0.0,
                    0.6460337042808533,
                    0.7633088231086731,
                    0.9526214003562927
                ],
                [
                    0.0,
                    0.0,
                    0.0,
                    1.0
                ]
            ]
        },
        {
            "file_path": "./train/042",
            "transform_matrix": [
                [
                    0.8210477828979492,
                    -0.17600730061531067,
                    0.5430489182472229,
                    0.859341025352478
                ],
                [
                    0.5708595514297485,
                    0.2531452476978302,
                    -0.781048595905304,
                    -1.226928949356079
                ],
                [
                    0.0,
                    0.9512827396392822,
                    0.3083198070526123,
                    0.07860156893730164
                ],
                [
                    0.0,
                    0.0,
                    0.0,
                    1.0
                ]
            ]
        },
        {
            "file_path": "./train/043",
            "transform_matrix": [
                [
                    0.8513314723968506,
                    0.3327164947986603,
                    -0.4056285321712494,
                    -0.7044399976730347
                ],
                [
                    -0.524628221988678,
                    0.5399099588394165,
                    -0.658226728439331,
                    -1.1305618286132812
                ],
                [
                    0.0,
                    0.7731733918190002,
                    0.6341947317123413,
                    0.6896333694458008
                ],
                [
                    0.0,
                    0.0,
                    0.0,
                    1.0
                ]
            ]
        },
        {
            "file_path": "./train/044",
            "transform_matrix": [
                [
                    -0.9398701190948486,
                    0.20569640398025513,
                    -0.27264127135276794,
                    -0.46491771936416626
                ],
                [
                    -0.34153226017951965,
                    -0.566060483455658,
                    0.7502875328063965,
                    1.2869365215301514
                ],
                [
                    0.0,
                    0.7982885241508484,
                    0.6022752523422241,
                    0.614529013633728
                ],
                [
                    0.0,
                    0.0,
                    0.0,
                    1.0
                ]
            ]
        },
        {
            "file_path": "./train/045",
            "transform_matrix": [
                [
                    -0.33440572023391724,
                    0.4199654161930084,
                    -0.8436836004257202,
                    -1.3783507347106934
                ],
                [
                    -0.9424293041229248,
                    -0.14901790022850037,
                    0.29936742782592773,
                    0.4993645250797272
                ],
                [
                    1.4901161193847656e-08,
                    0.8952221274375916,
                    0.4456201493740082,
                    0.3174656331539154
                ],
                [
                    0.0,
                    0.0,
                    0.0,
                    1.0
                ]
            ]
        },
        {
            "file_path": "./train/046",
            "transform_matrix": [
                [
                    -0.246976837515831,
                    -0.3232908546924591,
                    0.9135017395019531,
                    1.446310043334961
                ],
                [
                    0.9690214395523071,
                    -0.08239792287349701,
                    0.23282639682292938,
                    0.3796056807041168
                ],
                [
                    0.0,
                    0.9427054524421692,
                    0.3336261212825775,
                    0.118688203394413
                ],
                [
                    0.0,
                    0.0,
                    0.0,
                    1.0
                ]
            ]
        },
        {
            "file_path": "./train/047",
            "transform_matrix": [
                [
                    0.6368680000305176,
                    -0.41000333428382874,
                    0.6529137492179871,
                    1.0988422632217407
                ],
                [
                    0.7709728479385376,
                    0.33868637681007385,
                    -0.5393443703651428,
                    -0.8979704976081848
                ],
                [
                    0.0,
                    0.8468700647354126,
                    0.5317999124526978,
                    0.48599866032600403
                ],
                [
                    0.0,
                    0.0,
                    0.0,
                    1.0
                ]
            ]
        },
        {
            "file_path": "./train/048",
            "transform_matrix": [
